1719
1733
1739
1727
1720
1670
1510
1584
1740
1881
1990
2007
1931
1870
1870
2027
2127
2150
2172
2152
2148
2049
1855
1654
1512
1441
1410
1436
1557
1842
2064
2220
2325
2350
2382
2365
2311
2265
2223
2330
2517
2507
2513
2448
2413
2274
2079
1821
1749
1694
1668
1617
1671
1961
2182
2335
2404
2394
2406
2375
2314
2267
2280
2464
2588
2574
2572
2497
2462
2303
2100
1827
1666
1582
1548
1557
1676
1953
2154
2299
2377
2377
2395
2388
2330
2268
2234
2394
2562
2548
2542
2466
2457
2290
2072
1820
1653
1557
1521
1557
1655
1930
2126
2244
2311
2326
2355
2336
2293
2227
2209
2347
2511
2505
2484
2399
2351
2227
2037
1793
1625
1533
1474
1463
1501
1604
1683
1796
1929
2003
2039
2038
1974
1903
1874
1981
2188
2177
2168
2126
2133
2048
1867
1666
1517
1429
1402
1400
1431
1532
1601
1717
1865
1972
2026
2001
1905
1810
1773
1888
2096
2110
2142
2117
2115
2005
1797
1588
1450
1390
1366
1394
1532
1878
2120
2261
2316
2289
2311
2294
2238
2175
2124
2247
2455
2435
2423
2348
2306
2116
1898
1674
1522
1451
1438
1459
1581
1902
2146
2271
2325
2317
2375
2368
2317
2256
2231
2337
2482
2463
2464
2388
2321
2143
1930
1713
1561
1489
1469
1499
1622
1943
2189
2321
2387
2375
2417
2399
2341
2267
2213
2303
2518
2510
2527
2428
2387
2188
1971
1733
1586
1516
1496
1529
1656
1966
2237
2366
2424
2389
2419
2395
2333
2265
2226
2341
2544
2545
2554
2465
2431
2257
2033
1771
1611
1555
1531
1557
1668
2008
2256
2372
2422
2399
2437
2424
2368
2314
2269
2389
2590
2587
2584
2465
2407
2268
2080
1815
1675
1579
1552
1531
1590
1777
1933
2075
2187
2233
2261
2244
2171
2072
2044
2163
2391
2402
2404
2338
2342
2213
1975
1768
1621
1536
1496
1492
1530
1635
1728
1868
2049
2198
2275
2251
2141
2042
2012
2113
2302
2337
2380
2343
2308
2203
1983
1737
1595
1520
1503
1530
1683
2093
2402
2539
2602
2572
2605
2579
2514
2446
2405
2481
2670
2675
2698
2635
2590
2374
2097
1833
1692
1610
1588
1619
1755
2133
2414
2520
2549
2532
2554
2541
2458
2399
2359
2431
2645
2641
2654
2563
2506
2324
2073
1806
1657
1576
1558
1594
1699
2072
2364
2474
2524
2514
2555
2544
2465
2425
2398
2463
2630
2632
2648
2583
2560
2362
2107
1847
1687
1614
1592
1612
1754
2139
2406
2511
2514
2452
2466
2421
2362
2282
2239
2328
2634
2658
2674
2591
2540
2358
2100
1833
1668
1581
1562
1574
1702
2075
2358
2468
2508
2499
2542
2531
2488
2436
2409
2488
2632
2626
2610
2519
2475
2304
2083
1859
1690
1604
1573
1563
1624
1812
1958
2152
2276
2297
2314
2279
2195
2105
2069
2159
2428
2455
2456
2386
2330
2208
2008
1771
1608
1510
1470
1477
1529
1636
1729
1887
2081
2221
2274
2202
2068
1941
1894
1942
2224
2295
2340
2327
2325
2192
1938
1729
1583
1505
1497
1530
1686
2112
2403
2531
2546
2497
2508
2479
2405
2338
2298
2394
2675
2697
2705
2609
2557
2347
2066
1801
1656
1579
1568
1591
1733
2122
2418
2530
2555
2498
2514
2466
2385
2320
2272
2336
2630
2680
2697
2618
2573
2363
2100
1815
1671
1601
1578
1604
1737
2140
2392
2503
2514
2437
2433
2387
2316
2258
2215
2270
2598
2672
2686
2588
2533
2360
2104
1833
1674
1593
1590
1616
1759
2132
2386
2510
2515
2458
2459
2421
2356
2292
2252
2318
2618
2664
2666
2586
2543
2331
2061
1819
1675
1601
1583
1588
1726
2102
2356
2467
2470
2407
2402
2359
2288
2226
2201
2283
2578
2625
2605
2513
2489
2304
2096
1839
1670
1589
1553
1552
1611
1799
1944
2131
2235
2245
2254
2213
2121
2036
2005
2083
2365
2419
2424
2322
2283
2146
1940
1729
1576
1485
1439
1444
1497
1618
1707
1886
2056
2173
2229
2164
2033
1910
1860
1907
2188
2278
2321
2294
2293
2136
1887
1660
1524
1463
1446
1483
1647
2063
2345
2484
2520
2462
2476
2440
2356
2272
2219
2273
2556
2622
2635
2549
2513
2306
2045
1779
1658
1575
1552
1578
1718
2100
2339
2464
2483
2449
2441
2395
2319
2243
2184
2251
2546
2636
2644
2574
2541
2309
2054
1801
1642
1584
1560
1582
1726
2105
2355
2472
2510
2468
2493
2475
2422
2368
2326
2355
2575
2623
2643
2548
2515
2289
2039
1793
1636
1556
1539
1581
1704
2076
2297
2410
2431
2398
2422
2411
2368
2304
2279
2335
2569
2603
2619
2516
2482
2266
2027
1771
1622
1566
1543
1565
1687
2051
2314
2439
2480
2491
2543
2539
2479
2419
2387
2414
2601
2635
2609
2516
2458
2277
2059
1855
1713
1636
1603
1597
1660
1852
1989
2177
2317
2378
2406
2366
2298
2213
2169
2191
2389
2454
2452
2378
2353
2209
1979
1781
1631
1549
1506
1508
1564
1671
1745
1939
2099
2215
2260
2207
2086
1975
1908
1923
2182
2331
2396
2361
2364
2227
1973
1763
1634
1572
1567
1586
1713
2130
2410
2566
2601
2549
2569
2533
2481
2422
2369
2390
2642
2736
2762
2683
2641
2421
2160
1897
1746
1665
1655
1679
1819
2221
2488
2628
2658
2634
2675
2655
2600
2562
2526
2578
2751
2799
2818
2745
2703
2496
2250
1972
1833
1771
1730
1759
1883
2261
2477
2614
2649
2624
2682
2658
2590
2548
2530
2551
2725
2786
2804
2724
2706
2499
2255
1999
1827
1740
1705
1740
1861
2234
2453
2585
2629
2605
2648
2623
2569
2511
2452
2461
2659
2731
2738
2673
2641
2440
2196
1917
1753
1688
1670
1698
1830
2215
2448
2573
2587
2528
2530
2487
2429
2376
2315
2324
2563
2687
2687
2613
2588
2403
2176
1923
1764
1685
1655
1659
1714
1904
2058
2273
2377
2395
2430
2408
2325
2241
2201
2227
2421
2542
2564
2487
2455
2304
2072
1848
1682
1581
1546
1548
1603
1717
1790
2003
2172
2275
2307
2230
2101
1983
1914
1926
2147
2363
2429
2414
2388
2243
1981
1768
1627
1556
1534
1567
1728
2152
2423
2597
2652
2632
2675
2660
2610
2559
2496
2523
2726
2807
2824
2747
2690
2468
2201
1933
1782
1702
1675
1706
1845
2214
2449
2613
2665
2628
2638
2614
2539
2465
2415
2448
2646
2781
2807
2736
2708
2491
2235
1965
1816
1729
1699
1723
1882
2252
2493
2630
2642
2599
2619
2591
2518
2450
2400
2438
2647
2784
2808
2745
2699
2481
2215
1953
1786
1709
1687
1706
1853
2231
2476
2629
2640
2581
2586
2532
2455
2376
2323
2355
2570
2763
2804
2738
2717
2504
2220
1924
1775
1694
1675
1716
1847
2220
2476
2599
2605
2544
2548
2501
2429
2362
2321
2361
2574
2734
2748
2660
2632
2445
2190
1926
1772
1680
1649
1655
1719
1895
2058
2283
2374
2371
2377
2340
2260
2179
2142
2173
2378
2532
2538
2458
2429
2277
2015
1806
1660
1572
1546
1554
1612
1721
1807
2012
2224
2373
2455
2397
2271
2157
2095
2104
2265
2404
2456
2423
2405
2271
2003
1773
1627
1566
1546
1587
1734
2131
2418
2607
2664
2642
2669
2642
2581
2519
2467
2513
2661
2788
2815
2722
2680
2443
2186
1928
1775
1693
1673
1705
1845
2222
2471
2644
2689
2672
2716
2683
2612
2533
2472
2489
2634
2784
2804
2742
2711
2473
2208
1951
1809
1736
1702
1730
1859
2235
2511
2683
2735
2729
2775
2756
2687
2621
2569
2594
2743
2869
2899
2808
2771
2543
2285
2000
1852
1790
1774
1789
1916
2269
2541
2707
2770
2742
2749
2713
2644
2570
2514
2537
2690
2808
2839
2771
2752
2529
2269
2024
1872
1787
1750
1784
1926
2247
2495
2656
2711
2692
2734
2707
2633
2557
2496
2500
2632
2766
2777
2693
2652
2471
2229
1991
1836
1749
1707
1707
1763
1914
2075
2302
2433
2452
2475
2443
2352
2254
2197
2221
2370
2603
2638
2576
2539
2421
2178
1952
1800
1712
1674
1678
1737
1829
1949
2178
2394
2543
2618
2557
2413
2296
2233
2235
2379
2612
2692
2665
2654
2496
2219
1999
1858
1784
1775
1820
1971
2354
2683
2919
2994
2984
3033
3020
2964
2891
2828
2828
2976
3146
3168
3066
3001
2788
2511
2241
2057
1972
1944
1975
2108
2436
2736
2934
2997
2971
2985
2949
2861
2788
2736
2758
2898
3128
3166
3086
3019
2791
2497
2207
2043
1967
1944
1977
2136
2470
2766
2951
2993
2957
2964
2919
2829
2746
2697
2734
2881
3119
3156
3095
3037
2797
2504
2217
2049
1965
1951
1986
2138
2483
2776
2958
3028
3026
3073
3064
2995
2922
2860
2863
2974
3122
3135
3041
2962
2742
2440
2161
1998
1908
1883
1907
2047
2392
2656
2841
2906
2904
2945
2905
2836
2776
2714
2707
2805
2940
2939
2849
2768
2580
2346
2103
1927
1841
1791
1798
1881
2015
2199
2436
2571
2599
2640
2621
2553
2459
2419
2435
2535
2719
2742
2669
2642
2484
2219
2010
1862
1773
1732
1727
1782
1831
1948
2143
2307
2407
2424
2352
2217
2101
2032
2049
2165
2426
2515
2491
2497
2340
2102
1879
1720
1658
1657
1680
1845
2174
2478
2661
2711
2679
2714
2680
2623
2558
2498
2515
2628
2813
2844
2762
2708
2499
2271
2005
1840
1768
1741
1774
1931
2247
2514
2660
2693
2664
2718
2697
2626
2547
2513
2501
2588
2767
2806
2744
2666
2436
2190
1931
1777
1699
1681
1717
1866
2168
2438
2585
2598
2546
2550
2514
2453
2377
2329
2344
2473
2694
2754
2698
2665
2446
2217
1946
1787
1717
1694
1730
1869
2180
2448
2579
2571
2524
2521
2472
2403
2328
2259
2248
2325
2613
2692
2614
2617
2394
2174
1908
1766
1712
1675
1719
1864
2137
2401
2503
2497
2435
2422
2386
2319
2247
2200
2192
2283
2570
2644
2568
2542
2341
2133
1906
1762
1671
1652
1656
1712
1815
2002
2182
2252
2253
2282
2265
2210
2131
2073
2074
2144
2383
2436
2374
2321
2179
1965
1758
1626
1544
1505
1507
1539
1570
1703
1894
2028
2131
2197
2159
2049
1943
1865
1843
1919
2173
2273
2259
2247
2103
1880
1677
1553
1483
1464
1492
1636
1935
2212
2345
2368
2330
2355
2339
2274
2200
2153
2149
2219
2464
2542
2475
2446
2235
2007
1769
1636
1571
1562
1581
1726
2019
2289
2417
2452
2393
2391
2352
2286
2221
2177
2164
2239
2470
2546
2505
2445
2249
2045
1793
1650
1591
1568
1601
1742
2022
2290
2405
2423
2363
2388
2372
2304
2242
2205
2215
2319
2529
2613
2570
2525
2320
2101
1828
1682
1615
1603
1638
1771
2041
2308
2406
2423
2362
2369
2342
2280
2219
2196
2225
2319
2530
2601
2547
2516
2293
2059
1805
1687
1621
1608
1650
1779
2045
2291
2436
2454
2398
2423
2408
2328
2247
2179
2159
2221
2452
2543
2473
2430
2247
2051
1808
1678
1597
1574
1583
1651
1765
1953
2165
2287
2341
2388
2378
2294
2220
2176
2159
2215
2372
2404
2348
2310
2158
1942
1737
1606
1510
1474
1480
1524
1557
1712
1910
2074
2188
2258
2220
2114
2033
2009
2018
2109
2312
2413
2408
2389
2239
2014
1829
1703
1634
1606
1643
1768
2052
2368
2517
2556
2518
2540
2525
2482
2435
2382
2373
2446
2633
2733
2688
2669
2456
2206
1958
1823
1751
1736
1753
1893
2158
2469
2633
2657
2643
2675
2633
2576
2489
2431
2431
2518
2715
2810
2762
2713
2499
2248
1993
1859
1786
1772
1805
1957
2242
2566
2719
2755
2731
2761
2749
2677
2614
2567
2562
2603
2796
2914
2855
2818
2573
2309
2049
1898
1823
1807
1851
1960
2248
2539
2665
2701
2660
2683
2649
2580
2510
2459
2455
2521
2740
2901
2847
2790
2573
2317
2052
1894
1806
1794
1819
1961
2250
2562
2716
2751
2714
2765
2741
2656
2592
2525
2494
2549
2741
2861
2782
2757
2558
2315
2065
1917
1834
1777
1767
1845
1975
2201
2375
2438
2425
2434
2404
2337
2277
2253
2266
2337
2550
2646
2590
2553
2400
2150
1941
1789
1707
1688
1721
1811
1883
2035
2201
2298
2342
2332
2218
2096
1994
1939
1951
2024
2298
2460
2423
2388
2189
1911
1745
1648
1645
1676
1809
2191
2500
2635
2647
2595
2598
2542
2467
2383
2310
2286
2309
2372
2629
2722
2576
2449
2221
1944
1783
1688
1670
1692
1827
2179
2432
2529
2525
2468
2479
2446
2419
2369
2313
2276
2278
2324
2576
2681
2561
2456
2256
1968
1772
1706
1680
1714
1856
2210
2466
2563
2566
2510
2507
2476
2379
2327
2271
2234
2229
2272
2530
2679
2556
2440
2219
1938
1756
1680
1659
1685
1823
2102
2328
2466
2497
2472
2553
2537
2504
2433
2389
2373
2396
2411
2579
2652
2560
2467
2221
1934
1779
1714
1697
1714
1825
2097
2308
2458
2511
2514
2556
2516
2433
2343
2314
2264
2284
2325
2488
2577
2455
2364
2167
1873
1698
1610
1562
1563
1616
1743
1888
2085
2239
2320
2389
2386
2333
2255
2225
2214
2217
2212
2332
2390
2261
2181
1990
1743
1571
1478
1435
1423
1448
1493
1590
1767
1914
2017
2033
1960
1809
1684
1618
1580
1588
1628
1851
2024
2007
2007
1857
1637
1487
1414
1378
1378
1429
1477
1591
1737
1856
1892
1892
1860
1788
1703
1641
1603
1611
1680
1951
2159
2114
2075
1873
1636
1491
1425
1406
1433
1574
1880
2150
2301
2335
2286
2303
2295
2240
2157
2094
2053
2062
2081
2325
2493
2384
2248
2058
1783
1631
1560
1540
1562
1683
1957
2193
2343
2385
2348
2376
2361
2312
2238
2168
2143
2140
2166
2365
2524
2423
2323
2110
1825
1667
1612
1584
1619
1718
1975
2212
2332
2387
2371
2398
2402
2355
2292
2224
2190
2183
2190
2402
2510
2411
2311
2084
1834
1691
1630
1608
1634
1770
2058
2298
2412
2414
2381
2386
2353
2259
2169
2088
2041
2038
2071
2271
2483
2390
2301
2131
1832
1678
1584
1551
1557
1637
1746
1928
2075
2119
2104
2093
2082
2000
1901
1857
1855
1859
1908
2096
2324
2249
2175
1948
1726
1571
1494
1468
1473
1510
1541
1690
1821
1927
2001
2018
1968
1842
1739
1671
1611
1608
1660
1873
2147
2088
2012
1813
1600
1465
1408
1392
1424
1565
1858
2099
2193
2220
2191
2235
2236
2203
2154
2114
2088
2089
2131
2288
2390
2263
2134
1928
1685
1545
1480
1465
1479
1594
1884
2138
2228
2239
2201
2234
2213
2161
2081
2008
1983
1986
2007
2189
2391
2278
2160
1950
1702
1549
1493
1488
1504
1628
1889
2153
2230
2235
2180
2207
2197
2132
2064
2010
1982
1972
2005
2177
2379
2280
2148
1948
1695
1552
1496
1485
1503
1625
1866
2119
2208
2224
2220
2264
2245
2195
2137
2082
2071
2059
2075
2239
2377
2280
2170
1947
1695
1564
1492
1473
1498
1625
1879
2142
2223
2233
2204
2226
2202
2149
2067
2014
1987
1970
1965
2093
2334
2261
2176
1948
1690
1550
1483
1466
1476
1532
1647
1841
1981
2022
2006
2028
2003
1932
1855
1820
1796
1791
1806
1960
2185
2113
2022
1803
1563
1426
1367
1341
1327
1368
1394
1536
1698
1806
1888
1945
1906
1797
1688
1633
1621
1658
1714
1889
2050
1970
1891
1689
1495
1382
1334
1326
1358
1486
1786
2041
2136
2149
2112
2163
2158
2109
2041
1994
1962
1946
1963
2138
2314
2192
2033
1817
1565
1430
1378
1373
1401
1526
1784
2040
2148
2182
2166
2197
2178
2123
2047
1999
1987
1990
1984
2114
2289
2195
2066
1873
1611
1482
1430
1418
1437
1563
1815
2079
2180
2205
2170
2181
2153
2119
2060
2003
1969
1962
1964
2090
2313
2235
2112
1900
1632
1493
1438
1427
1471
1579
1821
2096
2180
2190
2165
2189
2170
2123
2061
2013
1983
1955
1957
2067
2316
2268
2138
1887
1628
1506
1441
1441
1459
1571
1800
2070
2141
2166
2149
2208
2195
2130
2064
2008
1974
1951
1951
2027
2240
2180
2078
1856
1599
1474
1418
1390
1399
1457
1553
1753
1889
1957
1967
1985
1986
1918
1815
1762
1731
1716
1724
1803
2076
2047
1979
1743
1505
1384
1334
1302
1292
1315
1343
1507
1653
1788
1876
1908
1860
1752
1646
1581
1544
1538
1559
1658
1949
1937
1876
1660
1446
1334
1276
1265
1306
1409
1664
1946
2052
2083
2065
2119
2114
2082
2035
1983
1948
1920
1909
2011
2255
2167
2023
1780
1562
1442
1385
1370
1393
1490
1718
1990
2079
2091
2085
2136
2150
2111
2055
2013
1978
1939
1949
2030
2264
2210
2062
1804
1583
1458
1406
1366
1413
1501
1748
1997
2100
2124
2107
2171
2191
2146
2095
2032
1989
1974
1956
2032
2278
2227
2066
1819
1580
1452
1404
1386
1414
1497
1733
1998
2091
2134
2120
2181
2190
2150
2089
2035
2002
1997
1981
2102
2287
2208
2073
1837
1600
1478
1409
1402
1425
1517
1755
2030
2131
2147
2112
2184
2188
2146
2098
2029
2007
1969
1951
2013
2228
2169
2072
1848
1600
1466
1401
1378
1383
1414
1523
1739
1885
1961
1983
2016
2023
1975
1889
1846
1829
1810
1812
1893
2127
2089
2009
1767
1527
1395
1334
1296
1298
1298
1344
1520
1683
1818
1906
1950
1915
1812
1720
1657
1636
1637
1652
1721
1974
1970
1915
1714
1484
1352
1295
1267
1288
1357
1533
1778
1926
1990
1983
2029
2046
2021
1971
1925
1887
1864
1874
1915
2118
2085
1994
1761
1536
1394
1341
1315
1320
1307
1364
1536
1681
1804
1834
1848
1817
1737
1643
1595
1578
1592
1625
1732
1983
1972
1892
1678
1467
1364
1311
1298
1317
1416
1701
2012
2119
2160
2161
2209
2214
2191
2126
2071
2036
2015
2042
2188
2291
2191
2048
1816
1583
1452
1403
1374
1401
1497
1746
2028
2136
2167
2161
2208
2209
2171
2112
2063
2035
2032
2041
2134
2284
2214
2083
1864
1612
1496
1440
1420
1438
1513
1777
2060
2177
2208
2189
2227
2225
2174
2096
2051
2022
2022
2008
2105
2247
2171
2058
1849
1623
1494
1420
1415
1427
1430
1562
1766
1924
2007
2034
2067
2052
1988
1893
1836
1809
1805
1815
1884
2069
2034
1947
1737
1533
1401
1335
1306
1303
1294
1354
1510
1659
1798
1889
1946
1908
1805
1703
1633
1604
1611
1617
1691
1926
1945
1885
1698
1488
1373
1318
1306
1341
1402
1678
1967
2081
2114
2104
2180
2190
2163
2113
2052
2008
1988
1969
2008
2196
2226
2105
1870
1627
1498
1435
1423
1454
1514
1771
2033
2124
2146
2138
2185
2178
2131
2070
2011
1971
1958
1947
2009
2188
2206
2078
1857
1606
1488
1435
1411
1431
1492
1764
2027
2110
2152
2147
2186
2201
2166
2109
2067
2042
2008
1987
2043
2238
2249
2135
1893
1632
1497
1436
1416
1450
1495
1744
2021
2117
2160
2139
2226
2225
2179
2106
2050
2021
2012
2005
2059
2224
2193
2073
1832
1598
1482
1413
1401
1435
1480
1728
2018
2131
2157
2163
2207
2221
2188
2124
2052
2031
2022
1997
2042
2182
2184
2083
1857
1612
1481
1413
1389
1406
1406
1552
1765
1916
2004
2019
2071
2072
2016
1922
1874
1845
1836
1849
1904
2050
2056
1980
1763
1551
1424
1350
1317
1310
1275
1357
1525
1679
1817
1915
1970
1939
1835
1735
1672
1640
1637
1668
1754
1935
1962
1881
1673
1476
1359
1312
1301
1334
1385
1684
1964
2096
2142
2140
2208
2205
2168
2091
2065
2034
2037
2043
2134
2277
2191
2076
1828
1600
1485
1425
1416
1432
1494
1750
2024
2131
2153
2127
2157
2163
2138
2091
2033
1990
1997
2012
2090
2222
2176
2064
1832
1584
1470
1408
1401
1433
1481
1756
2032
2130
2171
2148
2192
2187
2143
2067
2025
1991
1979
1978
2051
2211
2222
2100
1851
1614
1465
1402
1403
1434
1453
1747
2020
2119
2144
2120
2181
2182
2142
2080
2021
1990
1987
1972
2017
2186
2205
2091
1851
1577
1471
1408
1404
1415
1452
1747
2007
2107
2154
2150
2197
2205
2163
2095
2036
1998
1980
1998
2036
2166
2164
2058
1841
1619
1480
1406
1381
1394
1376
1543
1761
1914
1990
2012
2048
2036
1959
1881
1840
1813
1805
1801
1838
1979
2035
1971
1749
1527
1393
1330
1298
1301
1249
1346
1514
1675
1814
1916
1972
1937
1831
1731
1661
1639
1645
1662
1715
1882
2000
1931
1707
1478
1362
1308
1289
1316
1359
1666
1956
2076
2120
2118
2169
2181
2151
2098
2047
2007
1994
1982
2023
2153
2210
2112
1857
1627
1483
1428
1410
1431
1466
1751
2039
2149
2205
2210
2265
2259
2202
2144
2097
2065
2034
2017
2068
2192
2253
2121
1882
1643
1491
1437
1424
1451
1480
1769
2060
2173
2217
2221
2279
2274
2227
2172
2115
2087
2065
2067
2117
2221
2244
2120
1882
1650
1517
1465
1445
1468
1492
1759
2057
2188
2228
2212
2259
2260
2216
2158
2109
2076
2056
2057
2102
2201
2284
2167
1924
1666
1529
1454
1426
1448
1463
1757
2057
2206
2249
2252
2323
2332
2297
2217
2156
2126
2118
2097
2111
2196
2241
2139
1923
1694
1536
1464
1442
1442
1424
1573
1792
1957
2053
2084
2132
2131
2073
1985
1931
1912
1898
1896
1921
2027
2110
2036
1851
1613
1454
1385
1348
1346
1287
1395
1565
1726
1875
1989
2048
2018
1921
1823
1768
1739
1747
1768
1819
1949
2070
2022
1793
1574
1452
1383
1373
1405
1441
1781
2049
2194
2265
2280
2361
2378
2356
2303
2244
2206
2182
2183
2222
2299
2377
2245
1978
1702
1570
1499
1495
1523
1524
1816
2109
2254
2328
2350
2432
2455
2417
2356
2286
2245
2230
2203
2221
2293
2336
2249
1975
1709
1572
1525
1508
1532
1533
1826
2118
2254
2330
2328
2423
2442
2411
2351
2271
2239
2215
2198
2229
2273
2336
2233
2012
1751
1600
1521
1493
1487
1417
1514
1709
1845
1971
2067
2127
2132
2070
1998
1941
1919
1933
1945
1965
2058
2167
2124
1904
1674
1545
1482
1460
1463
1464
1729
1987
2155
2267
2291
2367
2415
2396
2345
2286
2239
2197
2183
2199
2238
2279
2179
1953
1712
1564
1495
1470
1471
1436
1600
1815
1982
2083
2117
2189
2209
2164
2089
2043
2020
2014
2018
2041
2105
2197
2124
1918
1688
1539
1461
1422
1414
1352
1445
1610
1771
1920
2031
2098
2093
2015
1937
1887
1868
1867
1870
1889
1975
2130
2080
1841
1606
1475
1422
1405
1425
1442
1769
2078
2248
2315
2342
2424
2455
2428
2380
2315
2277
2251
2252
2270
2336
2403
2280
2031
1763
1611
1544
1524
1550
1558
1830
2127
2283
2371
2382
2459
2499
2462
2396
2323
2248
2210
2194
2215
2246
2283
2153
1920
1674
1541
1479
1474
1486
1497
1779
2064
2212
2279
2301
2386
2424
2406
2356
2299
2273
2242
2207
2233
2277
2360
2243
2000
1732
1593
1528
1499
1523
1537
1828
2130
2271
2340
2371
2454
2486
2463
2403
2352
2315
2289
2257
2285
2322
2419
2305
2055
1786
1642
1562
1544
1575
1571
1841
2156
2310
2401
2418
2496
2529
2498
2441
2370
2299
2306
2285
2295
2329
2313
2163
1960
1724
1532
1489
1489
1512
1487
1650
1868
2049
2142
2168
2234
2228
2152
2042
1998
1972
1963
1983
1999
2045
2142
2104
1882
1664
1521
1455
1407
1399
1338
1436
1610
1778
1934
2051
2134
2120
2029
1936
1885
1866
1875
1896
1915
1974
2124
2105
1871
1633
1493
1421
1403
1422
1438
1757
2087
2281
2365
2392
2481
2533
2521
2482
2418
2392
2365
2332
2363
2389
2480
2375
2075
1795
1649
1570
1549
1563
1564
1863
2180
2371
2471
2508
2589
2640
2628
2565
2507
2472
2441
2391
2387
2391
2416
2292
2017
1748
1614
1536
1522
1539
1535
1793
2087
2234
2315
2319
2394
2418
2386
2316
2248
2202
2181
2163
2184
2204
2268
2167
1939
1690
1561
1497
1480
1502
1521
1782
2071
2211
2268
2259
2321
2328
2284
2221
2154
2125
2119
2111
2154
2195
2246
2150
1926
1668
1559
1506
1484
1508
1527
1780
2075
2213
2276
2268
2320
2336
2288
2219
2164
2138
2123
2121
2147
2184
2242
2165
1954
1726
1595
1521
1502
1508
1472
1654
1856
2016
2121
2158
2214
2203
2141
2047
2002
1980
1983
1998
2037
2086
2113
2047
1915
1673
1515
1437
1400
1395
1337
1436
1595
1745
1905
2027
2097
2081
1984
1880
1820
1799
1814
1841
1881
1947
2077
2072
1826
1600
1475
1420
1398
1413
1430
1730
2043
2215
2291
2301
2392
2428
2421
2368
2307
2271
2245
2248
2276
2282
2375
2286
2033
1758
1613
1561
1544
1545
1547
1799
2109
2289
2349
2338
2414
2447
2435
2380
2324
2295
2268
2265
2290
2291
2397
2298
2042
1777
1629
1547
1528
1545
1544
1825
2137
2330
2406
2423
2510
2577
2579
2530
2482
2432
2414
2370
2376
2371
2466
2388
2153
1866
1701
1610
1604
1616
1615
1891
2176
2370
2491
2515
2625
2664
2644
2580
2515
2473
2459
2446
2452
2362
2351
2303
2137
1871
1675
1601
1575
1557
1511
1569
1711
1843
1987
2049
2111
2110
2034
1940
1891
1875
1871
1891
1924
1955
2053
2008
1829
1607
1477
1392
1363
1365
1324
1474
1652
1814
1914
1960
1989
2004
1969
1913
1866
1851
1858
1891
1922
1954
2064
2022
1798
1568
1434
1365
1338
1331
1278
1368
1525
1693
1823
1927
1978
1958
1879
1794
1733
1704
1728
1764
1805
1859
1983
1958
1765
1548
1422
1366
1340
1345
1290
1405
1583
1742
1870
1933
1967
1982
1936
1866
1825
1809
1818
1851
1905
1953
2101
2067
1852
1590
1450
1406
1393
1418
1423
1722
1999
2180
2233
2237
2283
2298
2282
2223
2171
2151
2137
2161
2219
2153
2190
2195
1994
1725
1578
1498
1506
1526
1519
1780
2050
2214
2282
2275
2320
2332
2294
2228
2177
2151
2135
2148
2212
2249
2278
2182
1949
1704
1566
1507
1489
1525
1532
1786
2061
2242
2304
2320
2377
2392
2352
2264
2182
2159
2142
2136
2179
2217
2329
2239
2007
1730
1572
1505
1499
1497
1501
1759
2042
2227
2306
2306
2370
2398
2366
2297
2223
2180
2176
2168
2191
2210
2295
2214
2010
1775
1621
1506
1472
1469
1436
1618
1852
2039
2167
2209
2273
2271
2220
2131
2091
2067
2061
2083
2127
2149
2212
2166
1928
1674
1532
1449
1411
1392
1333
1427
1574
1743
1916
2035
2108
2097
2010
1912
1851
1836
1860
1907
1986
1930
1993
1965
1919
1701
1508
1420
1398
1420
1450
1727
2038
2214
2296
2315
2396
2415
2401
2356
2305
2282
2264
2294
2344
2368
2428
2339
2075
1784
1640
1569
1553
1570
1573
1835
2119
2309
2404
2413
2502
2531
2524
2475
2403
2381
2369
2361
2425
2434
2507
2389
2148
1815
1636
1561
1534
1554
1604
1859
2150
2344
2428
2444
2528
2548
2542
2464
2398
2375
2362
2373
2418
2404
2489
2399
2145
1834
1681
1589
1565
1572
1572
1847
2152
2347
2448
2465
2550
2601
2604
2549
2486
2444
2429
2445
2500
2513
2566
2446
2171
1874
1686
1621
1597
1604
1611
1828
2113
2311
2427
2459
2550
2585
2549
2474
2418
2380
2369
2366
2401
2412
2435
2362
2110
1837
1683
1595
1562
1560
1520
1676
1884
2086
2216
2265
2328
2337
2296
2212
2172
2170
2187
2223
2242
2113
2124
2054
1995
1799
1603
1495
1446
1425
1353
1446
1605
1784
1966
2102
2178
2174
2092
1992
1929
1903
1929
1981
2021
2066
2172
2130
1897
1649
1513
1453
1423
1446
1464
1740
2038
2246
2366
2373
2441
2488
2482
2427
2352
2320
2307
2314
2360
2361
2453
2352
2098
1812
1656
1573
1565
1584
1571
1834
2135
2326
2425
2449
2542
2576
2555
2482
2415
2381
2385
2390
2443
2447
2509
2416
2137
1841
1683
1597
1587
1605
1626
1853
2111
2296
2397
2415
2475
2499
2470
2405
2337
2313
2328
2364
2349
2152
2115
2057
2046
1860
1664
1559
1523
1539
1552
1772
2053
2253
2355
2375
2443
2475
2459
2398
2335
2298
2302
2312
2371
2401
2500
2380
2163
1884
1705
1620
1589
1615
1611
1841
2143
2365
2451
2477
2551
2577
2552
2482
2421
2376
2373
2378
2413
2413
2494
2402
2179
1892
1706
1627
1580
1580
1546
1709
1939
2145
2282
2329
2385
2414
2377
2298
2262
2253
2240
2273
2295
2308
2425
2351
2114
1840
1670
1563
1524
1517
1466
1538
1698
1896
2082
2205
2289
2297
2237
2154
2117
2047
1897
1851
1870
1977
2167
2148
1921
1686
1547
1469
1449
1463
1476
1734
2027
2237
2359
2395
2474
2524
2526
2479
2388
2373
2359
2382
2456
2475
2441
2402
2079
1804
1654
1580
1538
1553
1565
1796
2075
2278
2413
2442
2523
2568
2546
2501
2439
2379
2373
2382
2382
2404
2490
2386
2138
1872
1701
1623
1608
1614
1614
1860
2143
2347
2458
2504
2578
2633
2641
2573
2503
2455
2458
2476
2504
2496
2572
2433
2176
1870
1704
1624
1573
1589
1597
1829
2117
2328
2458
2495
2581
2632
2634
2576
2510
2498
2497
2501
2527
2545
2621
2495
2229
1944
1743
1639
1598
1601
1613
1856
2158
2377
2509
2543
2635
2691
2696
2624
2558
2533
2511
2506
2559
2599
2599
2475
2231
1945
1749
1658
1617
1616
1588
1729
1957
2165
2309
2370
2448
2491
2457
2373
2317
2273
2267
2294
2327
2369
2432
2347
2094
1846
1685
1595
1543
1539
1508
1565
1731
1929
2114
2241
2323
2343
2271
2181
2120
2091
2110
2150
2201
2271
2356
2287
2037
1777
1624
1552
1518
1538
1588
1801
2086
2283
2386
2398
2461
2487
2471
2405
2340
2299
2284
2303
2358
2397
2473
2380
2101
1820
1659
1587
1560
1570
1586
1820
2114
2340
2471
2497
2571
2625
2629
2570
2512
2471
2465
2492
2536
2551
2599
2468
2205
1920
1739
1653
1621
1633
1650
1871
2154
2367
2494
2531
2634
2692
2686
2621
2556
2514
2505
2526
2568
2600
2650
2507
2238
1946
1743
1673
1628
1638
1645
1858
2158
2372
2499
2538
2629
2686
2691
2620
2536
2460
2453
2466
2486
2529
2569
2439
2179
1912
1742
1652
1610
1619
1635
1838
2124
2332
2458
2484
2585
2645
2632
2559
2509
2458
2444
2446
2481
2509
2516
2379
2160
1895
1721
1634
1595
1594
1588
1700
1903
2102
2257
2317
2394
2431
2406
2329
2286
2268
2276
2306
2351
2428
2478
2384
2139
1874
1703
1610
1562
1548
1504
1567
1751
1952
2138
2286
2379
2405
2361
2290
2228
2206
2231
2272
2319
2395
2491
2429
2166
1884
1710
1616
1581
1589
1622
1848
2171
2433
2611
2695
2805
2885
2863
2828
2777
2721
2703
2704
2729
2782
2828
2675
2385
2087
1884
1788
1751
1746
1759
1955
2261
2518
2662
2739
2841
2928
2941
2877
2785
2731
2723
2724
2716
2790
2815
2667
2398
2102
1893
1789
1747
1730
1744
1939
2250
2491
2659
2750
2880
2949
2970
2909
2834
2770
2718
2734
2753
2797
2855
2707
2432
2141
1936
1826
1787
1784
1801
1972
2256
2481
2613
2683
2791
2866
2882
2824
2721
2633
2603
2583
2622
2694
2685
2559
2316
2051
1869
1763
1725
1728
1753
1920
2207
2450
2595
2656
2764
2848
2850
2778
2711
2668
2640
2637
2666
2739
2738
2599
2358
2068
1882
1768
1723
1717
1713
1792
1999
2222
2390
2476
2584
2652
2642
2582
2528
2499
2480
2493
2512
2605
2624
2502
2240
1976
1797
1747
1771
1744
1647
1612
1786
1993
2198
2344
2454
2499
2466
2387
2335
2308
2303
2327
2369
2512
2556
2467
2211
1941
1774
1679
1633
1633
1667
1840
2134
2390
2565
2646
2754
2844
2881
2826
2751
2694
2663
2661
2684
2795
2814
2656
2359
2072
1955
1903
1857
1846
1885
1907
2201
2443
2609
2688
2793
2886
2912
2860
2789
2741
2699
2697
2720
2822
2827
2661
2380
2081
2009
1900
1853
1855
1879
1910
2198
2441
2601
2695
2804
2901
2947
2901
2828
2771
2731
2715
2754
2865
2857
2674
2399
2138
2047
1937
1876
1895
1910
1925
2221
2453
2635
2743
2869
2959
2991
2927
2850
2789
2773
2760
2779
2880
2856
2685
2400
2094
1895
1796
1731
1730
1762
1907
2190
2435
2586
2687
2798
2888
2905
2866
2805
2749
2725
2717
2736
2836
2789
2606
2361
2083
2006
1909
1853
1833
1777
1769
1967
2159
2316
2413
2507
2561
2561
2512
2462
2433
2406
2422
2465
2601
2565
2434
2194
1952
1909
1803
1749
1736
1728
1622
1780
1972
2163
2302
2398
2437
2400
2330
2281
2251
2252
2277
2321
2492
2524
2424
2168
1970
1859
1770
1728
1732
1781
1813
2083
2309
2462
2548
2657
2748
2790
2757
2685
2626
2606
2613
2638
2773
2729
2548
2280
1998
1934
1837
1800
1801
1798
1841
2099
2314
2440
2511
2598
2627
2568
2474
2365
2295
2280
2287
2330
2481
2418
2261
2037
1804
1673
1688
1648
1638
1645
1540
1696
1859
2018
2108
2176
2184
2126
2060
2007
1987
2000
2034
2098
2276
2285
2192
1976
1750
1722
1647
1619
1632
1696
1743
2007
2216
2345
2390
2476
2525
2523
2465
2409
2381
2375
2394
2454
2610
2542
2378
2132
1879
1836
1745
1712
1720
1739
1798
2056
2261
2399
2447
2534
2593
2603
2557
2492
2446
2422
2446
2495
2652
2564
2393
2143
1893
1719
1637
1718
1714
1748
1705
1896
2103
2263
2351
2432
2485
2474
2398
2351
2326
2322
2342
2382
2552
2467
2346
2112
1864
1832
1742
1692
1683
1696
1643
1744
1941
2138
2290
2403
2445
2405
2314
2255
2221
2225
2228
2270
2459
2432
2330
2070
1826
1795
1715
1685
1695
1773
1910
2154
2389
2536
2608
2724
2812
2838
2782
2693
2636
2613
2600
2632
2798
2710
2520
2231
1963
1881
1850
1807
1814
1848
1941
2230
2453
2587
2663
2789
2881
2890
2831
2756
2695
2659
2654
2691
2859
2754
2559
2276
2006
1838
1874
1834
1838
1776
1958
2248
2472
2623
2693
2813
2893
2910
2857
2774
2703
2675
2658
2698
2869
2758
2577
2288
2009
1963
1878
1848
1842
1917
1959
2249
2467
2616
2683
2814
2911
2929
2862
2769
2689
2663
2660
2701
2851
2717
2529
2244
1975
1867
1850
1804
1807
1819
1934
2225
2429
2570
2626
2750
2844
2829
2776
2693
2645
2621
2587
2640
2779
2620
2450
2207
1948
1788
1698
1650
1653
1699
1766
1965
2149
2242
2313
2398
2414
2387
2319
2299
2255
2265
2274
2364
2528
2385
2222
2014
1814
1666
1595
1538
1506
1534
1565
1653
1822
2007
2138
2238
2225
2112
1984
1921
1883
1887
1904
1993
2173
2098
2010
1805
1710
1592
1542
1525
1549
1633
1731
1989
2168
2268
2273
2328
2343
2329
2269
2209
2193
2184
2197
2292
2481
2350
2178
1934
1789
1698
1636
1613
1626
1715
1774
2037
2188
2279
2291
2373
2408
2392
2334
2271
2245
2251
2276
2381
2557
2416
2231
1995
1753
1751
1683
1647
1664
1747
1823
2080
2254
2352
2365
2453
2497
2486
2415
2357
2307
2313
2314
2412
2598
2452
2287
2026
1774
1717
1708
1679
1696
1731
1844
2099
2261
2356
2393
2448
2495
2493
2441
2369
2316
2313
2335
2441
2623
2458
2261
2006
1775
1728
1707
1659
1700
1682
1859
2116
2282
2366
2383
2460
2480
2475
2409
2351
2324
2313
2315
2430
2561
2388
2240
2004
1788
1726
1706
1681
1687
1732
1696
1873
2045
2162
2219
2267
2262
2205
2117
2077
2050
2049
2053
2168
2292
2155
2039
1838
1764
1650
1594
1555
1557
1594
1500
1625
1784
1957
2089
2171
2155
2057
1960
1890
1862
1883
1926
2069
2221
2115
2013
1799
1631
1603
1554
1522
1542
1567
1784
2035
2192
2273
2282
2342
2362
2336
2279
2218
2185
2185
2205
2357
2478
2325
2158
1920
1711
1587
1538
1533
1541
1640
1870
2107
2257
2338
2321
2373
2375
2316
2232
2171
2150
2157
2171
2320
2441
2305
2136
1908
1759
1680
1625
1594
1616
1673
1835
2090
2245
2306
2301
2341
2358
2328
2268
2214
2184
2187
2185
2343
2496
2347
2168
1924
1831
1705
1636
1613
1661
1751
1872
2114
2256
2312
2316
2393
2411
2382
2319
2256
2221
2204
2210
2381
2519
2359
2187
1957
1731
1669
1668
1648
1678
1686
1876
2118
2262
2345
2348
2415
2411
2370
2312
2243
2211
2207
2207
2390
2476
2325
2169
1954
1755
1626
1565
1526
1534
1600
1696
1859
2041
2131
2174
2201
2200
2148
2065
2012
1992
2001
2014
2162
2273
2127
2029
1835
1750
1626
1562
1532
1530
1570
1603
1609
1780
1927
2025
2102
2087
2002
1908
1841
1816
1829
1867
2047
2193
2084
1990
1779
1630
1593
1547
1530
1555
1636
1812
2061
2204
2274
2272
2336
2357
2357
2304
2243
2209
2193
2223
2417
2512
2327
2158
1922
1709
1652
1659
1629
1649
1638
1891
2113
2250
2312
2328
2405
2423
2396
2354
2296
2254
2251
2266
2450
2542
2356
2189
1945
1715
1657
1637
1622
1612
1634
1867
2109
2245
2319
2331
2416
2441
2422
2381
2322
2292
2280
2258
2441
2525
2362
2186
1948
1731
1727
1679
1663
1672
1677
1908
2138
2267
2318
2322
2401
2420
2400
2352
2297
2267
2255
2256
2473
2532
2361
2189
1959
1722
1664
1680
1663
1614
1664
1910
2134
2265
2327
2342
2418
2449
2438
2375
2299
2256
2244
2254
2456
2499
2316
2144
1942
1731
1603
1544
1519
1526
1587
1703
1862
2023
2111
2140
2191
2196
2154
2075
2020
2004
2009
2022
2229
2280
2124
2028
1827
1676
1638
1576
1548
1541
1590
1639
1617
1784
1935
2043
2111
2095
2009
1909
1849
1826
1839
1880
2107
2176
2076
1981
1774
1704
1610
1552
1539
1574
1682
1835
2051
2205
2261
2261
2347
2373
2360
2316
2282
2235
2225
2231
2464
2494
2316
2160
1918
1803
1709
1656
1635
1657
1728
1901
2113
2244
2309
2308
2397
2406
2382
2328
2258
2230
2223
2224
2472
2484
2305
2140
1911
1793
1701
1654
1646
1662
1747
1893
2109
2243
2289
2306
2384
2420
2412
2364
2304
2239
2223
2235
2494
2517
2331
2157
1931
1713
1712
1655
1658
1681
1658
1910
2125
2237
2309
2320
2403
2445
2426
2356
2320
2266
2238
2241
2488
2497
2316
2166
1925
1837
1715
1667
1646
1666
1737
1892
2110
2237
2294
2292
2378
2405
2383
2332
2269
2230
2212
2211
2459
2435
2252
2113
1910
1693
1638
1640
1620
1622
1659
1727
1866
2011
2109
2138
2202
2182
2123
2028
1960
1962
1956
2015
2206
2188
2045
1937
1754
1592
1514
1554
1533
1525
1579
1638
1594
1752
1896
1982
2050
2043
1955
1850
1786
1744
1762
1822
2115
2142
2020
1952
1763
1656
1566
1521
1517
1550
1666
1864
2085
2236
2316
2296
2322
2299
2223
2137
2051
2012
2007
2046
2328
2305
2136
2002
1768
1696
1582
1533
1523
1555
1661
1818
2027
2159
2204
2173
2216
2204
2163
2097
2034
2002
2001
2061
2367
2353
2187
2036
1799
1714
1614
1566
1551
1570
1687
1869
2079
2201
2233
2199
2229
2218
2165
2085
2029
2014
2016
2089
2414
2402
2228
2076
1837
1736
1626
1578
1561
1588
1715
1897
2122
2232
2246
2202
2231
2215
2171
2098
2041
2009
2011
2092
2428
2400
2231
2075
1846
1768
1648
1594
1586
1595
1622
1916
2130
2210
2237
2206
2236
2227
2162
2100
2049
2026
2048
2105
2405
2361
2207
2078
1860
1701
1653
1595
1568
1563
1643
1673
1820
1979
2062
2085
2101
2094
2024
1946
1891
1866
1871
1967
2227
2190
2049
1980
1771
1686
1576
1547
1510
1505
1555
1643
1623
1767
1902
1986
2042
2003
1896
1798
1715
1693
1713
1840
2153
2139
2025
1926
1740
1541
1541
1499
1480
1473
1535
1864
2101
2203
2204
2156
2181
2175
2124
2059
2004
1986
2021
2179
2430
2373
2201
2032
1795
1588
1484
1432
1413
1426
1556
1914
2144
2266
2302
2282
2317
2304
2224
2150
2087
2058
2071
2168
2442
2387
2230
2074
1845
1600
1482
1450
1442
1465
1607
1929
2167
2263
2263
2217
2236
2203
2149
2096
2047
2022
2026
2159
2454
2402
2240
2099
1856
1632
1524
1471
1468
1502
1610
1940
2135
2206
2204
2184
2218
2211
2171
2093
2034
2015
2009
2124
2405
2368
2210
2049
1831
1611
1519
1470
1447
1478
1595
1915
2132
2218
2238
2200
2228
2219
2161
2099
2055
2028
2043
2192
2404
2341
2163
2044
1851
1658
1543
1483
1457
1472
1535
1697
1805
1958
2045
2063
2092
2105
2036
1956
1897
1860
1902
2073
2239
2197
2035
1939
1765
1578
1466
1383
1362
1365
1404
1505
1577
1712
1845
1951
2016
1983
1873
1763
1688
1653
1662
1815
2011
1977
1869
1817
1683
1517
1535
1483
1465
1472
1410
1501
1563
1714
1835
1901
1941
1934
1866
1808
1745
1726
1739
1901
2118
2098
1972
1888
1698
1482
1380
1361
1356
1387
1496
1849
2050
2154
2185
2158
2175
2184
2147
2093
2021
2003
1990
2167
2374
2310
2163
2032
1831
1741
1640
1581
1562
1587
1699
1906
2087
2172
2189
2174
2204
2202
2142
2094
2036
2003
2006
2172
2400
2328
2167
2037
1825
1675
1621
1573
1560
1591
1666
1929
2102
2178
2181
2151
2187
2182
2137
2076
2023
2000
2008
2206
2399
2335
2177
2036
1834
1741
1637
1587
1589
1596
1704
1932
2116
2208
2216
2189
2216
2219
2167
2107
2054
2018
2038
2199
2404
2345
2178
2058
1860
1654
1635
1592
1568
1581
1626
1702
1807
1945
2021
2021
2052
2039
1969
1877
1817
1794
1812
2016
2194
2120
1997
1910
1743
1556
1527
1508
1470
1477
1498
1519
1567
1703
1830
1921
1974
1940
1837
1719
1654
1623
1647
1877
2068
2029
1917
1841
1665
1475
1494
1448
1444
1474
1494
1867
2077
2164
2184
2143
2190
2188
2138
2075
2023
2026
2056
2253
2370
2304
2158
2016
1813
1639
1596
1554
1541
1561
1622
1907
2115
2189
2196
2165
2203
2193
2145
2093
2049
2035
2084
2301
2409
2339
2204
2044
1843
1614
1498
1466
1463
1488
1594
1940
2152
2205
2208
2183
2219
2211
2169
2093
2018
2005
2034
2268
2415
2355
2186
2042
1838
1735
1631
1590
1567
1595
1707
1923
2136
2195
2207
2186
2242
2215
2176
2105
2044
2037
2061
2285
2402
2314
2178
2037
1841
1742
1624
1569
1556
1602
1722
1933
2147
2208
2212
2167
2207
2191
2130
2067
2005
1992
2029
2263
2383
2293
2140
2042
1844
1727
1637
1579
1556
1560
1645
1829
1833
1948
2000
2009
2025
2011
1950
1862
1818
1788
1830
2089
2197
2118
1976
1913
1756
1564
1572
1517
1482
1484
1535
1648
1609
1721
1867
1984
2050
2019
1909
1800
1744
1719
1754
1991
2108
2064
1939
1885
1776
1620
1486
1423
1416
1451
1595
1862
2115
2207
2239
2214
2232
2216
2156
2090
2031
2029
2083
2310
2401
2328
2168
2015
1795
1685
1585
1538
1526
1546
1679
1967
2159
2226
2232
2174
2186
2180
2121
2052
2009
1987
2040
2304
2427
2349
2176
2052
1837
1669
1616
1561
1534
1572
1602
1937
2187
2257
2255
2197
2206
2196
2137
2085
2032
2025
2081
2335
2433
2364
2199
2078
1851
1697
1629
1588
1572
1584
1641
1932
2179
2229
2227
2171
2183
2178
2131
2071
2012
2002
2067
2325
2421
2347
2198
2063
1851
1712
1633
1576
1558
1585
1713
1946
2182
2242
2257
2217
2253
2235
2187
2118
2059
2053
2123
2367
2406
2322
2166
2035
1839
1647
1581
1578
1527
1437
1494
1680
1847
1966
2038
2054
2091
2066
2004
1917
1857
1859
1929
2155
2188
2130
1980
1900
1751
1663
1528
1455
1421
1417
1434
1370
1463
1588
1737
1853
1939
1991
1950
1853
1778
1749
1809
2006
2031
2036
1970
1893
1778
1596
1440
1360
1322
1326
1357
1496
1805
2030
2156
2187
2160
2215
2223
2197
2142
2101
2152
2349
2318
2323
2250
2133
1941
1728
1663
1564
1523
1513
1552
1674
1825
2038
2126
2140
2110
2155
2141
2095
2053
1990
2045
2349
2354
2358
2278
2182
1977
1734
1647
1563
1532
1531
1561
1697
1839
2061
2141
2138
2109
2138
2134
2076
2002
1981
2064
2330
2344
2346
2242
2127
1919
1726
1653
1536
1481
1455
1456
1515
1474
1573
1705
1793
1816
1823
1817
1739
1655
1638
1738
1896
1917
1920
1880
1855
1737
1581
1491
1336
1307
1285
1328
1446
1682
1865
2009
2061
2071
2106
2122
2074
2041
2041
2118
2283
2262
2244
2160
2079
1932
1722
1553
1573
1507
1489
1497
1568
1599
1728
1868
1964
1973
2020
1999
1925
1848
1821
1918
2123
2137
2112
2040
1964
1832
1661
1566
1498
1549
1532
1538
1470
1421
1500
1647
1775
1871
1923
1894
1797
1702
1659
1750
1962
1992
2015
1968
1925
1817
1613
1506
1583
1540
1532
1578
1555
1784
1988
2108
2138
2106
2143
2145
2108
2071
2030
2106
2357
2348
2337
2263
2181
1982
1756
1685
1680
1648
1637
1629
1647
1835
2033
2146
2157
2116
2147
2140
2088
2046
2020
2134
2363
2362
2335
2253
2175
1976
1758
1681
1683
1643
1635
1663
1696
1864
2048
2166
2184
2165
2191
2191
2141
2080
2051
2162
2371
2362
2368
2288
2208
2011
1788
1578
1644
1665
1642
1621
1592
1891
2076
2170
2187
2149
2184
2166
2127
2041
2002
2125
2382
2372
2369
2286
2218
2008
1780
1720
1736
1678
1670
1703
1725
1897
2084
2186
2234
2204
2225
2224
2168
2109
2081
2190
2400
2396
2379
2286
2211
2036
1807
1683
1670
1675
1652
1669
1645
1675
1789
1945
2023
2022
2056
2035
1953
1879
1837
1938
2195
2193
2172
2094
2035
1903
1730
1545
1556
1578
1582
1550
1487
1466
1549
1711
1841
1932
1984
1939
1826
1723
1677
1766
2006
2031
2052
2010
1961
1837
1647
1586
1592
1541
1535
1577
1587
1825
2028
2135
2141
2096
2127
2127
2083
2059
2026
2150
2391
2380
2360
2286
2236
2017
1797
1701
1691
1677
1663
1703
1650
1893
2086
2165
2167
2133
2174
2165
2121
2060
2036
2186
2400
2394
2384
2307
2237
2025
1786
1711
1733
1668
1664
1701
1758
1920
2110
2206
2190
2161
2194
2163
2113
2063
2028
2168
2405
2388
2386
2315
2261
2052
1794
1794
1740
1565
1534
1576
1723
1936
2131
2211
2206
2175
2202
2183
2131
2069
2045
2210
2433
2423
2438
2344
2280
2064
1852
1882
1761
1690
1670
1723
1860
1948
2149
2247
2250
2206
2226
2231
2166
2121
2099
2242
2469
2459
2417
2345
2276
2090
1858
1668
1690
1705
1685
1673
1641
1744
1862
2061
2129
2126
2160
2140
2084
1990
1988
2131
2317
2300
2297
2235
2171
2042
1831
1719
1698
1663
1637
1645
1695
1578
1654
1833
1979
2079
2133
2093
2012
1936
1904
2030
2208
2218
2241
2191
2156
2028
1837
1735
1718
1656
1641
1642
1626
2012
2272
2436
2489
2463
2495
2507
2471
2450
2444
2586
2702
2673
2662
2590
2510
2286
2028
1940
1827
1766
1746
1782
1914
2168
2420
2532
2558
2516
2544
2519
2471
2404
2387
2525
2655
2625
2614
2523
2448
2250
1997
1792
1766
1694
1686
1721
1784
2111
2336
2458
2485
2437
2474
2468
2413
2381
2353
2496
2632
2602
2603
2532
2448
2265
1996
1828
1819
1800
1801
1831
1825
2111
2314
2459
2468
2445
2489
2473
2424
2370
2351
2488
2623
2586
2583
2510
2448
2238
2007
1773
1761
1682
1683
1709
1727
2089
2299
2401
2420
2377
2396
2396
2358
2317
2308
2463
2570
2539
2528
2456
2389
2221
2001
1780
1642
1647
1654
1666
1732
1826
1944
2103
2203
2227
2269
2284
2223
2139
2131
2265
2376
2369
2351
2279
2223
2111
1906
1710
1558
1590
1557
1559
1600
1584
1663
1814
1990
2137
2225
2208
2098
1997
1948
2069
2170
2172
2206
2166
2130
2016
1820
1626
1503
1453
1435
1460
1605
2004
2243
2387
2442
2422
2459
2439
2382
2325
2306
2469
2585
2546
2566
2485
2416
2215
1992
1768
1627
1562
1553
1582
1716
2083
2319
2449
2483
2484
2531
2514
2455
2420
2410
2575
2683
2657
2662
2602
2530
2314
2065
1829
1807
1736
1730
1764
1784
2175
2409
2546
2563
2527
2530
2502
2448
2394
2376
2539
2723
2708
2705
2617
2553
2357
2101
1945
1683
1683
1852
1886
1921
2192
2419
2554
2563
2522
2525
2483
2404
2356
2360
2573
2753
2724
2739
2669
2590
2392
2129
1988
1845
1768
1767
1809
1953
2234
2484
2609
2640
2590
2608
2607
2549
2501
2494
2683
2799
2761
2746
2639
2572
2389
2153
1918
1874
1884
1871
1891
1859
1958
2103
2289
2378
2394
2418
2406
2353
2268
2257
2417
2534
2508
2486
2418
2368
2236
2018
1802
1883
1803
1768
1769
1825
1782
1790
1962
2123
2234
2293
2267
2168
2062
2031
2187
2317
2321
2349
2316
2277
2146
1922
1711
1803
1727
1717
1760
1824
2105
2364
2494
2535
2511
2528
2518
2470
2405
2393
2547
2674
2623
2627
2554
2488
2293
2050
1811
1891
1804
1797
1814
1735
2116
2351
2469
2490
2437
2467
2441
2371
2323
2281
2454
2609
2600
2617
2552
2493
2290
2044
1901
1890
1812
1807
1832
1919
2137
2371
2455
2463
2404
2429
2423
2358
2311
2309
2503
2652
2621
2641
2557
2516
2329
2088
1828
1819
1844
1836
1879
1858
2176
2418
2526
2547
2545
2566
2553
2489
2422
2397
2568
2691
2663
2680
2609
2553
2370
2114
1880
1794
1892
1873
1901
1831
2200
2445
2522
2525
2471
2479
2449
2372
2300
2292
2496
2665
2635
2624
2531
2469
2310
2085
1851
1703
1746
1708
1725
1749
1887
2055
2230
2352
2394
2432
2418
2328
2230
2195
2341
2451
2440
2424
2359
2336
2194
2011
1795
1646
1677
1643
1634
1585
1713
1786
1946
2089
2179
2221
2203
2127
2039
2027
2181
2293
2296
2324
2303
2293
2159
1942
1725
1700
1708
1721
1760
1799
2110
2372
2500
2506
2435
2453
2436
2395
2369
2352
2558
2710
2677
2680
2604
2550
2357
2103
1971
1943
1879
1867
1889
1927
2212
2450
2578
2566
2500
2501
2474
2423
2369
2352
2561
2738
2725
2741
2664
2625
2396
2128
1928
1850
1902
1869
1911
1845
2246
2499
2596
2617
2577
2590
2570
2502
2441
2424
2634
2776
2772
2779
2705
2645
2446
2171
1970
1877
1924
1901
1937
1995
2268
2528
2640
2679
2659
2724
2727
2693
2634
2612
2776
2868
2817
2830
2745
2682
2492
2228
2023
2006
1977
1962
1971
2002
2278
2590
2724
2787
2767
2805
2804
2736
2669
2645
2785
2885
2852
2831
2737
2657
2476
2240
2027
2066
2021
1987
1997
2089
2051
2210
2395
2505
2535
2564
2535
2464
2384
2385
2565
2693
2677
2666
2607
2565
2423
2224
2114
2059
1966
1914
1929
1988
1889
1980
2143
2291
2386
2431
2388
2278
2190
2168
2347
2499
2521
2554
2535
2522
2399
2171
1945
1842
1868
1907
1937
1885
2287
2582
2721
2778
2751
2773
2763
2713
2660
2641
2796
2901
2882
2885
2809
2748
2559
2278
2095
2065
1993
1967
1985
2032
2302
2588
2714
2745
2686
2677
2631
2566
2518
2518
2717
2901
2886
2878
2812
2784
2557
2286
2042
2052
2022
1998
1963
1966
2362
2640
2754
2765
2707
2706
2670
2602
2558
2585
2766
2895
2887
2888
2813
2738
2554
2294
2023
1974
1889
1859
1895
1930
2319
2608
2719
2763
2721
2751
2752
2681
2637
2597
2757
2834
2814
2821
2751
2685
2514
2248
1995
1826
1731
1697
1729
1892
2257
2522
2637
2655
2606
2588
2531
2462
2423
2420
2590
2722
2700
2687
2595
2533
2395
2184
1919
1885
1898
1880
1879
1935
1895
2057
2207
2310
2341
2342
2336
2304
2268
2270
2437
2554
2535
2507
2436
2423
2290
2069
1856
1794
1778
1760
1758
1753
1699
1795
1940
2084
2177
2219
2184
2105
2044
2041
2229
2372
2365
2360
2334
2335
2218
1993
1818
1716
1726
1686
1696
1710
1778
1970
2125
2236
2287
2290
2262
2199
2163
2139
2301
2447
2427
2381
2309
2292
2187
1992
1784
1767
1765
1712
1694
1720
1636
1636
1814
2000
2125
2142
2047
1887
1780
1741
1868
2023
2044
2071
2077
2105
2060
1883
1695
1564
1563
1560
1568
1553
1618
1696
1830
1973
2039
2042
2024
1954
1883
1857
2005
2199
2218
2240
2227
2259
2163
1957
1748
1593
1606
1616
1640
1639
1907
2117
2306
2384
2364
2353
2314
2250
2209
2186
2357
2558
2542
2521
2461
2454
2321
2079
1845
1694
1609
1583
1597
1718
1972
2166
2324
2408
2409
2402
2376
2329
2289
2262
2402
2577
2582
2560
2507
2480
2333
2111
1875
1727
1729
1735
1756
1771
1864
2010
2180
2274
2283
2265
2251
2179
2137
2138
2301
2500
2490
2503
2444
2435
2297
2075
1873
1707
1705
1698
1689
1736
1750
1845
1994
2147
2226
2273
2241
2173
2119
2085
2222
2404
2404
2408
2391
2395
2269
2038
1824
1761
1669
1627
1645
1681
1838
2024
2208
2328
2360
2346
2303
2241
2204
2198
2377
2581
2566
2498
2335
2227
2126
1986
1858
1761
1669
1627
1645
1681
1838
2024
2208
2328
2360
2346
2303
2241
2204
2198
2377
2581
2566
2498
2335
2227
2126
1986
1858
